100000 32 8
date: Fri Apr 24 21:15:19 MDT 2015
Fixed 32 switches throughput
MACs per switch: 1000
Threads: 8
21:16:54.770 32  switches: flows/sec:  13652  12618  21664  11560  14819  14830  20922  21212  24053  22543  20944  16505  17412  15848  12361  15341  13049  15684  14310  16634  14028  13955  23754  10787  26993  14833  24772  12616  12789  16799  12434  18593   total = 53.831395 per ms 
21:17:04.877 32  switches: flows/sec:  41207  41230  41745  38954  41041  45452  41775  42301  44030  47639  39955  42634  38409  41160  38611  46000  41951  46628  40506  38370  37997  41564  46345  39868  44882  49267  42885  48298  45008  45273  40287  42173   total = 136.344445 per ms 
21:17:14.981 32  switches: flows/sec:  41132  39422  41747  45758  42252  50551  38650  41562  46379  44824  44983  45551  41159  44414  44111  44475  48660  47602  43386  44980  43046  45042  45622  40632  45591  46816  43577  45806  48359  44262  43092  44668   total = 141.811043 per ms 
21:17:25.085 32  switches: flows/sec:  38219  36082  43156  41704  40571  42762  43669  42058  42746  43085  43155  44321  41191  42847  40187  43008  43823  48611  42331  42159  40542  40382  43805  38693  44343  48474  47051  42355  41686  45703  42454  41533   total = 136.270518 per ms 
21:17:35.188 32  switches: flows/sec:  38956  38236  40636  39340  43000  41104  42146  41290  43497  43323  44076  43864  39838  42709  42393  42351  45383  42892  41235  39758  39460  44225  46940  40673  43977  47504  48182  43080  41765  41972  43279  43651   total = 136.073337 per ms 
21:17:45.291 32  switches: flows/sec:  41593  38392  39912  39514  40927  44514  43117  40961  42105  41801  43171  45000  43095  41694  40397  44279  43996  46050  41014  42284  37414  43096  42000  38828  41881  46569  48629  40955  42386  44228  42856  43617   total = 135.627432 per ms 
21:17:55.394 32  switches: flows/sec:  42946  38456  40861  44022  37793  43547  41793  42475  43649  43476  41235  42822  43430  40785  43052  45261  47011  46221  40130  44693  41823  41370  43723  38519  44707  44806  47073  45682  43731  42872  43034  44473   total = 137.546729 per ms 
21:18:05.499 32  switches: flows/sec:  40258  38844  39540  41681  38555  41427  41332  39429  41463  40582  41665  39601  41209  44910  41121  45038  41068  44811  39480  40565  40584  41152  43884  40156  42421  46295  48449  47090  41739  45709  41708  41252   total = 134.301652 per ms 
21:18:15.602 32  switches: flows/sec:  40036  40767  41146  43503  37379  42631  40269  43460  42984  40698  41017  40642  40655  42595  41855  44914  43217  45256  39948  43863  38741  41795  45671  37828  43432  46035  45645  43407  42764  42327  45483  43881   total = 135.384386 per ms 
21:18:25.705 32  switches: flows/sec:  42338  39869  41369  41219  41021  43808  42836  43735  42911  44235  42661  41837  40821  40341  42913  47201  46239  47497  43758  43246  39954  48288  43791  42593  45044  49695  47451  45047  46338  43858  45142  43426   total = 140.048158 per ms 
RESULT: 32 switches 9 tests min/max/avg/stdev = 134301.65/141811.04/137045.30/2268.47 responses/s
21:18:46.050 32  switches: flows/sec:  8244  9610  7946  15756  10267  7655  9509  9433  8157  7156  14998  8297  8504  7846  11369  8405  9520  8920  11857  12830  6733  13666  7694  7774  10170  6632  7889  9074  14522  12017  13838  8886   total = 31.517384 per ms 
21:18:56.153 32  switches: flows/sec:  31447  31680  29562  30982  31589  33198  35146  30879  29901  31551  30547  30834  32956  33241  31093  31693  32743  32362  33879  31942  30177  31567  31798  33883  31669  32193  31305  30266  33263  32242  32558  31551   total = 101.969404 per ms 
21:19:06.259 32  switches: flows/sec:  32639  33837  34036  33903  31475  34416  34220  32751  32273  34133  34048  31045  34835  34530  34679  30973  33260  36305  32691  34198  32077  34076  33550  32754  32101  32830  32836  34219  33628  31567  35240  34851   total = 106.997547 per ms 
21:19:16.363 32  switches: flows/sec:  30852  32088  30137  32660  31477  31697  30347  33208  33160  32044  32929  31331  33052  31875  32263  29741  32477  32234  30791  31034  32180  32307  29689  33154  31195  30328  32235  32509  32619  30733  32974  32492   total = 101.780966 per ms 
21:19:26.468 32  switches: flows/sec:  30449  31637  32938  33436  30017  30195  29761  31205  31873  31536  31972  30098  32628  30115  31694  28379  30391  29965  32018  30711  32328  31571  30479  31371  31960  30653  30285  32040  31240  31694  32652  32071   total = 99.936120 per ms 
21:19:36.570 32  switches: flows/sec:  28529  31412  32370  34218  31404  30801  31267  31767  29934  30477  31450  30613  31119  30428  33187  31769  30023  32503  29289  30416  32502  30558  32644  33601  30776  31403  30429  28508  32579  32044  31701  33528   total = 100.324850 per ms 
21:19:46.673 32  switches: flows/sec:  33083  32792  32397  33395  32095  35126  31016  31297  30718  32241  31909  34096  33150  31986  33360  31322  30080  31309  32357  31324  34780  31264  34052  33686  31869  33228  33706  34353  32759  31963  36222  33487   total = 104.642064 per ms 
21:19:56.775 32  switches: flows/sec:  30778  32644  32838  34733  32931  32799  30491  31214  31037  33571  32675  31220  33058  31778  32776  34813  31734  33980  31773  31177  33288  33764  32561  31652  32807  31125  32843  31330  31960  31355  34916  31736   total = 103.735627 per ms 
21:20:06.878 32  switches: flows/sec:  33225  32996  34303  34837  31615  33102  32559  32742  32113  30713  31374  34230  34451  32304  33716  32849  31729  31005  34410  32981  33631  32515  34283  35772  34281  33020  34580  31809  33121  33701  33716  34799   total = 106.248030 per ms 
21:20:16.983 32  switches: flows/sec:  32594  31252  31182  35555  32500  31529  30650  33097  29466  31273  33352  29924  33267  31283  33172  30472  32123  32004  33230  29610  33414  31255  34402  32735  31164  30611  30793  32337  29933  33255  34747  32175   total = 102.435436 per ms 
RESULT: 32 switches 9 tests min/max/avg/stdev = 99936.12/106997.55/103118.89/2334.55 responses/s
21:20:37.344 32  switches: flows/sec:  9505  14116  12372  11327  11414  9179  13252  9925  18048  18790  11412  9437  7734  14122  11229  10047  10144  11730  14680  16260  9336  9464  12867  11583  10371  10481  11566  9669  9861  10256  8791  10269   total = 36.923619 per ms 
21:20:47.447 32  switches: flows/sec:  32617  30316  32262  31866  33131  35254  32039  32505  35160  31587  31249  35865  33784  32203  34724  32982  32120  32931  33635  29860  32296  33458  34479  31130  35293  30557  35184  34969  33337  30879  31626  35199   total = 105.449510 per ms 
21:20:57.550 32  switches: flows/sec:  30927  31194  31578  31157  32884  32908  32297  31166  32653  32061  29121  34067  32221  31919  33412  31751  32828  32179  34309  32552  33671  30581  31640  29420  34791  32446  32279  31624  31701  32791  35556  32545   total = 103.222270 per ms 
21:21:07.654 32  switches: flows/sec:  32411  32550  34605  36004  35173  32023  34690  33089  33651  35836  32282  32950  34634  36312  34752  32807  33102  35783  33885  35006  34738  34017  33906  33125  36560  34515  36392  35683  36253  33676  35031  36433   total = 110.187279 per ms 
21:21:17.757 32  switches: flows/sec:  32116  32184  33062  32418  33926  34123  34075  31336  33549  34794  34283  33343  34137  35766  31512  35175  32949  34248  33354  34727  34345  34202  34428  33768  38900  31374  34249  35815  35236  36090  36589  34785   total = 109.085789 per ms 
21:21:27.860 32  switches: flows/sec:  34263  32511  32024  33137  32759  33178  31868  33907  34749  33091  31953  33962  35310  35180  31706  32813  34458  32118  33330  34973  33000  33815  34329  35400  35831  33481  35795  34633  36137  34731  34564  36195   total = 108.519818 per ms 
21:21:37.964 32  switches: flows/sec:  31790  33691  33160  34465  34823  34294  32998  35010  33581  33908  31099  35268  34380  32092  32402  34738  34027  33100  34303  32553  34112  31022  33781  33431  33064  33957  34728  34891  33635  34940  34369  35075   total = 107.868571 per ms 
21:21:48.067 32  switches: flows/sec:  33301  33546  31295  33108  32543  32733  33928  33881  34290  33220  33317  32504  36246  31008  35396  33869  33750  32979  34466  33963  34032  33961  34479  33703  33608  33406  35337  35349  33420  32285  34645  34404   total = 107.797135 per ms 
21:21:58.171 32  switches: flows/sec:  29921  34290  31808  32715  33021  31065  32675  31455  33849  35282  31094  32974  31624  32868  34582  31388  33002  33437  32719  33091  35069  33403  32502  33211  33827  35591  36706  35985  33192  31896  34946  35345   total = 106.452981 per ms 
21:22:08.275 32  switches: flows/sec:  30601  31925  32328  31849  34869  35071  33181  33168  34224  33639  31101  33933  32711  34611  34798  31963  31053  31831  34660  32034  33848  31439  31569  33883  33406  32514  33454  34695  34529  34418  34208  32264   total = 105.977647 per ms 
RESULT: 32 switches 9 tests min/max/avg/stdev = 103222.27/110187.28/107173.44/1998.83 responses/s
-------------------------------------------------------------
MACs per switch: 10000
Threads: 8
21:22:28.676 32  switches: flows/sec:  876  1026  1506  989  1507  1333  1090  1156  1412  1244  1328  1246  1017  1289  1198  1119  1342  1406  1213  1406  1016  1360  1410  1152  1288  1030  1065  1683  916  1294  1424  1033   total = 3.936478 per ms 
21:22:38.776 32  switches: flows/sec:  831  809  821  825  840  807  793  829  847  776  771  827  833  833  848  859  804  781  849  853  782  859  869  815  811  787  862  847  786  830  840  837   total = 2.636084 per ms 
21:22:48.877 32  switches: flows/sec:  785  758  760  766  752  771  738  827  757  776  799  817  772  764  738  767  746  764  774  812  696  781  747  815  799  811  762  768  751  764  750  820   total = 2.470560 per ms 
21:22:58.978 32  switches: flows/sec:  684  750  720  702  730  710  765  729  717  773  693  731  786  755  747  671  718  716  788  746  760  755  723  725  682  744  713  782  664  704  702  823   total = 2.340670 per ms 
21:23:09.079 32  switches: flows/sec:  742  680  729  649  661  755  721  706  737  702  644  623  613  630  667  759  702  618  721  677  671  684  766  770  714  800  695  728  777  664  707  652   total = 2.236306 per ms 
21:23:19.180 32  switches: flows/sec:  634  658  641  722  641  569  745  730  608  689  640  617  616  720  640  515  648  713  684  535  663  684  744  547  750  719  766  640  669  670  594  706   total = 2.111550 per ms 
21:23:29.280 32  switches: flows/sec:  615  593  659  553  581  625  628  674  622  663  602  662  689  590  616  614  633  705  583  550  642  569  592  655  599  596  655  648  573  546  651  588   total = 1.977085 per ms 
21:23:39.381 32  switches: flows/sec:  625  534  572  566  575  649  593  624  604  592  568  636  549  590  635  565  587  580  643  516  577  609  564  646  607  568  647  597  631  608  586  622   total = 1.906246 per ms 
21:23:49.484 32  switches: flows/sec:  570  599  577  607  575  609  566  587  631  526  532  580  579  552  616  627  569  555  581  568  561  595  575  581  550  644  545  548  588  546  657  493   total = 1.848547 per ms 
21:23:59.584 32  switches: flows/sec:  587  563  516  596  564  627  537  592  522  579  608  519  579  528  592  601  630  591  536  608  562  593  521  605  515  576  580  628  564  555  538  521   total = 1.823289 per ms 
RESULT: 32 switches 9 tests min/max/avg/stdev = 1823.29/2636.08/2150.04/273.10 responses/s
21:24:19.961 32  switches: flows/sec:  1548  1330  1277  1615  1500  1110  1068  946  1047  1490  1286  1083  1018  1261  1073  1283  1180  1390  1326  1283  950  1065  1231  1309  1482  1149  1022  1345  1433  1298  1142  1319   total = 3.985891 per ms 
21:24:30.063 32  switches: flows/sec:  808  845  842  860  803  855  889  870  865  868  841  861  851  827  859  828  790  876  804  821  838  878  831  912  873  838  871  824  856  931  837  912   total = 2.725847 per ms 
21:24:40.164 32  switches: flows/sec:  733  779  726  768  792  722  775  744  765  735  787  777  777  741  766  762  810  741  767  760  793  776  785  784  737  769  765  785  738  788  778  778   total = 2.450249 per ms 
21:24:50.264 32  switches: flows/sec:  830  727  771  735  819  730  705  696  691  722  720  773  665  707  755  649  723  669  768  749  722  833  706  704  744  705  711  752  727  753  738  673   total = 2.337156 per ms 
21:25:00.365 32  switches: flows/sec:  656  700  665  689  659  696  667  686  684  699  715  685  614  664  633  705  701  566  684  678  641  661  701  741  655  662  755  699  716  635  680  689   total = 2.167969 per ms 
21:25:10.466 32  switches: flows/sec:  627  602  696  637  685  658  599  723  715  622  679  587  614  655  650  659  670  661  628  632  668  652  705  657  708  623  630  736  658  637  637  640   total = 2.094888 per ms 
21:25:20.566 32  switches: flows/sec:  613  595  706  583  654  563  643  563  597  574  662  562  607  562  649  662  646  642  613  656  681  623  691  613  672  601  632  608  622  599  547  573   total = 1.981327 per ms 
21:25:30.668 32  switches: flows/sec:  589  614  552  537  617  612  713  579  580  584  558  596  602  618  603  584  689  659  609  557  630  608  573  536  621  635  577  663  606  510  581  648   total = 1.923783 per ms 
21:25:40.769 32  switches: flows/sec:  598  526  633  608  626  565  607  596  668  549  546  508  607  505  544  588  581  574  613  598  582  562  613  537  521  587  542  570  514  573  613  606   total = 1.845849 per ms 
21:25:50.872 32  switches: flows/sec:  617  523  600  601  592  546  548  589  509  555  520  574  608  567  613  580  560  546  560  576  546  543  577  516  573  546  544  491  588  534  527  534   total = 1.789744 per ms 
RESULT: 32 switches 9 tests min/max/avg/stdev = 1789.74/2725.85/2146.31/290.96 responses/s
21:26:11.240 32  switches: flows/sec:  1190  999  1224  1090  1279  1311  1035  1314  1157  1253  1101  1255  1070  926  1343  1401  1194  1050  1365  1047  1025  983  1215  1104  1757  1199  1121  1355  1222  1225  1016  1730   total = 3.855265 per ms 
21:26:21.340 32  switches: flows/sec:  816  868  833  862  908  830  865  870  849  928  840  839  893  874  852  818  833  900  791  856  857  876  839  847  890  847  866  852  891  873  884  818   total = 2.746402 per ms 
21:26:31.444 32  switches: flows/sec:  769  760  752  778  766  785  755  808  796  799  806  819  771  769  763  811  786  789  747  828  803  754  790  801  820  757  787  803  800  773  806  803   total = 2.514638 per ms 
21:26:41.546 32  switches: flows/sec:  773  761  728  702  759  761  665  738  746  730  753  700  725  725  711  718  770  751  710  738  751  720  759  726  700  798  720  770  731  754  715  731   total = 2.353542 per ms 
21:26:51.646 32  switches: flows/sec:  681  755  737  656  756  693  680  688  724  767  647  732  733  675  714  707  714  727  669  702  659  704  707  678  685  690  731  765  719  731  704  673   total = 2.260230 per ms 
21:27:01.746 32  switches: flows/sec:  673  680  665  721  692  709  646  645  589  612  694  726  650  574  688  617  610  721  701  686  601  690  620  650  636  653  702  680  690  674  583  643   total = 2.112080 per ms 
21:27:11.847 32  switches: flows/sec:  643  696  642  602  637  660  633  615  633  683  655  679  685  636  651  635  534  684  671  644  650  599  575  547  582  652  676  596  646  615  612  591   total = 2.025773 per ms 
21:27:21.948 32  switches: flows/sec:  612  543  626  652  615  596  660  592  589  588  616  585  690  600  583  577  572  612  597  640  611  666  607  629  656  600  607  694  544  578  598  622   total = 1.955690 per ms 
21:27:32.048 32  switches: flows/sec:  599  584  572  588  552  584  523  582  570  506  519  565  554  576  592  598  560  538  596  624  530  624  622  627  567  582  575  640  540  526  557  569   total = 1.834090 per ms 
21:27:42.149 32  switches: flows/sec:  558  547  516  518  594  577  542  481  524  535  464  587  528  523  554  579  543  539  499  581  613  553  591  600  604  560  525  496  579  523  591  540   total = 1.756327 per ms 
RESULT: 32 switches 9 tests min/max/avg/stdev = 1756.33/2746.40/2173.20/306.74 responses/s
-------------------------------------------------------------
MACs per switch: 100000
Threads: 8
21:28:02.527 32  switches: flows/sec:  1239  1131  1590  1557  1339  1043  1312  1565  964  1527  1630  1176  1288  1451  1483  1246  1463  1173  1492  982  1155  1032  1349  1131  1164  1034  1575  1220  1127  1111  1143  1187   total = 4.087733 per ms 
21:28:12.628 32  switches: flows/sec:  777  815  863  829  820  792  825  803  808  831  784  767  871  853  804  790  764  796  798  815  794  784  837  768  794  782  820  817  810  787  816  831   total = 2.584382 per ms 
21:28:22.731 32  switches: flows/sec:  771  750  815  752  785  781  739  766  778  753  745  729  762  782  737  743  726  826  748  781  773  792  752  767  790  803  764  762  765  765  791  796   total = 2.458415 per ms 
21:28:32.832 32  switches: flows/sec:  688  714  726  736  758  771  710  720  715  748  772  714  701  692  704  743  732  683  694  701  775  738  724  783  751  775  743  741  778  752  638  749   total = 2.336702 per ms 
21:28:42.932 32  switches: flows/sec:  666  666  706  717  699  636  734  700  744  635  721  731  705  693  706  621  646  767  689  750  682  715  689  682  683  732  741  722  668  731  710  695   total = 2.238126 per ms 
21:28:53.033 32  switches: flows/sec:  630  654  697  600  603  690  655  666  606  650  686  663  697  711  628  667  596  669  695  634  683  639  693  683  648  651  634  638  695  632  617  651   total = 2.096067 per ms 
21:29:03.133 32  switches: flows/sec:  633  659  659  626  627  633  623  672  612  596  616  656  632  557  637  641  616  621  622  605  640  577  618  608  597  634  614  615  615  576  597  568   total = 1.980181 per ms 
21:29:13.235 32  switches: flows/sec:  649  630  627  606  682  569  625  518  638  619  607  635  588  635  615  620  619  618  572  600  624  600  636  664  603  570  625  615  651  673  601  592   total = 1.972366 per ms 
21:29:23.336 32  switches: flows/sec:  603  544  601  550  551  593  575  562  613  593  550  611  578  594  547  555  589  627  596  541  615  543  597  602  586  601  578  567  535  599  557  520   total = 1.847162 per ms 
21:29:33.436 32  switches: flows/sec:  525  556  604  580  502  568  560  548  518  539  556  586  524  553  555  571  544  624  582  598  520  564  570  507  538  542  581  599  587  552  591  513   total = 1.785671 per ms 
RESULT: 32 switches 9 tests min/max/avg/stdev = 1785.67/2584.38/2144.34/261.17 responses/s
21:29:53.811 32  switches: flows/sec:  981  1656  1540  1344  1045  1162  1186  1195  1336  1380  1032  1155  1031  1553  1383  1363  1302  1291  1074  1092  1131  1554  996  1330  1046  1159  1397  1212  1500  1033  1262  1008   total = 3.972750 per ms 
21:30:03.912 32  switches: flows/sec:  843  789  780  799  810  799  832  771  801  802  792  751  789  816  801  822  776  848  849  811  822  802  784  797  805  849  758  780  789  804  827  827   total = 2.572360 per ms 
21:30:14.014 32  switches: flows/sec:  667  761  742  743  683  723  710  701  693  686  652  698  668  718  708  702  724  726  703  679  737  675  722  727  699  747  714  707  716  705  723  766   total = 2.272130 per ms 
21:30:24.116 32  switches: flows/sec:  674  657  618  681  667  686  674  660  705  676  670  669  662  655  641  681  649  623  662  621  607  655  648  672  772  654  742  691  675  629  683  648   total = 2.130367 per ms 
21:30:34.216 32  switches: flows/sec:  614  686  660  637  600  630  631  661  611  598  582  713  676  580  621  675  640  693  664  663  623  598  655  604  623  654  593  668  651  677  622  570   total = 2.037270 per ms 
21:30:44.316 32  switches: flows/sec:  611  500  627  533  577  606  525  628  610  616  558  562  559  617  609  577  592  603  664  592  579  640  642  651  536  670  645  598  632  604  668  591   total = 1.922163 per ms 
21:30:54.417 32  switches: flows/sec:  550  576  589  547  502  588  594  619  529  601  569  570  609  556  562  603  537  540  545  547  560  572  633  579  544  574  552  533  622  576  574  529   total = 1.818059 per ms 
21:31:04.518 32  switches: flows/sec:  503  549  489  593  623  524  600  596  509  554  532  539  520  600  515  591  534  593  539  495  564  518  599  582  513  592  578  572  530  600  518  525   total = 1.768731 per ms 
21:31:14.620 32  switches: flows/sec:  509  584  576  527  563  579  543  550  514  513  499  522  564  633  480  560  501  562  536  505  541  591  562  511  534  501  587  550  576  522  589  531   total = 1.741268 per ms 
21:31:24.721 32  switches: flows/sec:  514  512  531  485  485  464  506  556  497  558  482  512  476  539  477  450  533  503  498  502  465  495  466  530  537  491  535  526  539  483  499  495   total = 1.614011 per ms 
RESULT: 32 switches 9 tests min/max/avg/stdev = 1614.01/2572.36/1986.26/284.20 responses/s
21:31:45.076 32  switches: flows/sec:  1363  924  1206  1135  1070  1236  1331  906  1246  1164  981  870  1372  909  1065  1042  887  1147  1286  1597  1190  962  864  1172  2383  1304  941  1236  925  866  1295  1034   total = 3.690038 per ms 
21:31:55.177 32  switches: flows/sec:  789  749  754  806  743  787  787  762  821  843  787  795  792  770  756  774  790  782  756  813  803  795  821  785  800  756  773  851  821  806  790  760   total = 2.521659 per ms 
21:32:05.280 32  switches: flows/sec:  689  701  747  714  725  738  699  684  676  735  701  703  734  734  712  737  735  704  690  662  707  701  696  735  724  722  717  679  681  696  716  750   total = 2.273756 per ms 
21:32:15.384 32  switches: flows/sec:  718  598  711  669  626  682  712  638  607  688  660  632  614  628  673  652  731  692  647  592  646  656  671  687  684  653  632  703  661  613  644  638   total = 2.105049 per ms 
21:32:25.484 32  switches: flows/sec:  561  593  597  592  617  630  681  588  600  625  630  625  596  672  618  610  677  590  555  624  581  691  609  571  608  634  563  596  591  605  590  606   total = 1.952546 per ms 
21:32:35.586 32  switches: flows/sec:  541  586  583  548  552  648  661  569  600  539  577  633  596  588  607  590  601  559  587  626  557  669  625  569  609  636  624  575  580  560  546  612   total = 1.894997 per ms 
21:32:45.688 32  switches: flows/sec:  587  623  491  591  586  514  578  568  574  556  596  546  556  581  623  591  494  571  527  615  533  574  576  525  579  576  571  579  541  589  546  623   total = 1.817782 per ms 
21:32:55.788 32  switches: flows/sec:  575  544  518  530  529  567  559  573  605  572  571  519  576  537  499  569  500  511  507  571  516  500  553  531  549  562  537  573  617  581  542  548   total = 1.754071 per ms 
21:33:05.889 32  switches: flows/sec:  534  558  501  536  534  542  550  550  574  488  511  485  636  537  459  548  455  529  513  520  582  508  529  578  528  579  547  544  501  547  508  478   total = 1.698860 per ms 
21:33:15.989 32  switches: flows/sec:  487  476  569  523  521  530  486  483  517  445  564  493  478  462  502  457  493  453  480  508  569  529  567  489  505  501  519  533  466  466  497  449   total = 1.601649 per ms 
RESULT: 32 switches 9 tests min/max/avg/stdev = 1601.65/2521.66/1957.82/278.57 responses/s
-------------------------------------------------------------
MACs per switch: 1000000
Threads: 8
21:33:36.361 32  switches: flows/sec:  983  1401  1098  1120  1623  1380  1046  1000  1229  1271  1323  927  1627  1322  1247  1271  1721  1809  1218  1511  1502  951  1268  1506  1118  1394  1186  1434  1001  1519  1387  859   total = 4.124884 per ms 
21:33:46.462 32  switches: flows/sec:  836  899  862  838  824  876  821  832  855  846  857  857  811  791  853  864  852  840  847  835  864  863  840  820  846  805  812  806  890  861  820  953   total = 2.707565 per ms 
21:33:56.563 32  switches: flows/sec:  773  749  785  770  795  795  796  837  797  772  791  764  761  756  805  798  793  807  777  758  766  773  760  768  723  754  759  766  726  754  755  804   total = 2.478460 per ms 
21:34:06.668 32  switches: flows/sec:  715  742  735  738  758  736  730  703  707  729  696  722  743  726  701  699  711  724  762  709  728  696  718  749  725  647  686  724  702  718  703  724   total = 2.299560 per ms 
21:34:16.772 32  switches: flows/sec:  694  724  710  682  709  683  734  737  695  735  703  711  686  660  722  627  669  649  730  667  665  677  677  705  757  715  689  693  672  651  685  699   total = 2.220355 per ms 
21:34:26.872 32  switches: flows/sec:  664  709  650  631  673  704  688  638  639  697  633  655  621  660  645  653  633  660  657  637  606  667  706  648  702  668  651  658  669  727  601  677   total = 2.112666 per ms 
21:34:36.973 32  switches: flows/sec:  697  629  633  603  628  654  652  639  628  595  616  610  570  632  641  663  626  633  627  616  611  629  609  633  684  641  609  667  624  682  622  616   total = 2.021856 per ms 
21:34:47.073 32  switches: flows/sec:  603  656  581  624  665  621  645  618  645  620  594  622  599  576  602  582  587  631  619  615  652  613  624  611  560  656  595  637  587  613  626  645   total = 1.972322 per ms 
21:34:57.174 32  switches: flows/sec:  562  612  561  584  555  543  614  522  550  597  621  603  530  598  611  594  641  603  571  623  621  602  606  594  634  554  506  606  622  592  548  498   total = 1.867776 per ms 
21:35:07.278 32  switches: flows/sec:  589  571  554  581  590  518  602  567  498  581  568  560  553  548  556  571  554  618  513  560  535  568  551  550  565  561  460  573  558  591  539  556   total = 1.785230 per ms 
RESULT: 32 switches 9 tests min/max/avg/stdev = 1785.23/2707.57/2162.87/280.22 responses/s
21:35:27.661 32  switches: flows/sec:  1124  991  1271  1211  1423  1006  1077  984  1056  1079  1693  1200  1855  1411  1055  1112  1046  1479  1219  1489  1248  1284  1350  973  1317  2064  1447  962  1676  1553  1289  989   total = 4.093275 per ms 
21:35:37.762 32  switches: flows/sec:  823  832  784  816  868  833  791  831  817  832  842  782  781  786  751  868  817  800  796  795  811  826  806  855  767  806  790  772  824  839  853  791   total = 2.598303 per ms 
21:35:47.864 32  switches: flows/sec:  770  722  754  750  755  721  741  729  743  753  754  712  725  756  755  744  701  753  740  696  751  722  752  743  665  743  703  780  719  764  737  707   total = 2.355720 per ms 
21:35:57.964 32  switches: flows/sec:  760  691  694  721  698  665  666  730  743  776  757  724  689  697  685  740  702  665  719  775  719  658  664  716  762  672  654  688  697  779  678  694   total = 2.267685 per ms 
21:36:08.065 32  switches: flows/sec:  648  690  659  676  646  678  602  680  685  690  690  652  739  647  682  675  670  666  669  676  658  677  675  719  616  741  707  684  753  692  613  667   total = 2.162135 per ms 
21:36:18.168 32  switches: flows/sec:  574  579  587  596  687  711  703  630  654  681  646  671  683  634  650  643  706  680  666  699  643  700  698  650  656  607  569  690  725  684  634  679   total = 2.100976 per ms 
21:36:28.268 32  switches: flows/sec:  599  621  642  537  622  624  580  595  635  603  643  610  637  652  609  582  594  636  623  634  544  607  583  671  644  667  611  649  665  578  645  622   total = 1.976326 per ms 
21:36:38.369 32  switches: flows/sec:  556  620  593  517  583  633  604  584  611  617  581  599  653  567  631  588  580  621  664  655  592  573  607  606  632  632  619  632  594  615  623  595   total = 1.937640 per ms 
21:36:48.470 32  switches: flows/sec:  542  555  524  587  542  618  595  522  555  598  580  586  603  571  623  584  556  568  660  613  556  582  571  562  618  611  575  547  596  655  585  517   total = 1.855453 per ms 
21:36:58.572 32  switches: flows/sec:  629  547  486  504  532  502  594  555  561  600  581  632  553  528  578  579  553  521  570  536  565  586  515  523  554  609  611  603  554  571  614  496   total = 1.794001 per ms 
RESULT: 32 switches 9 tests min/max/avg/stdev = 1794.00/2598.30/2116.47/244.57 responses/s
21:37:18.936 32  switches: flows/sec:  1041  1078  1650  1007  1432  1148  1261  1097  1133  1068  1299  1146  1257  1249  1306  1343  1275  1512  1855  941  1606  1148  1152  1124  1409  1033  1186  1038  1282  1162  1234  996   total = 3.946721 per ms 
21:37:29.037 32  switches: flows/sec:  908  862  908  875  870  899  848  854  799  867  884  885  896  907  819  828  860  851  868  918  890  819  808  876  844  880  858  891  864  853  878  805   total = 2.767126 per ms 
21:37:39.140 32  switches: flows/sec:  794  781  777  771  764  763  758  726  782  760  794  752  783  768  791  784  781  844  798  755  781  794  781  813  750  774  778  805  814  745  811  790   total = 2.495512 per ms 
21:37:49.240 32  switches: flows/sec:  765  687  729  723  751  780  740  735  710  738  762  702  732  741  702  679  773  777  714  692  719  754  736  752  724  740  737  720  719  719  709  686   total = 2.334657 per ms 
21:37:59.341 32  switches: flows/sec:  716  724  729  664  685  707  734  674  672  644  734  682  757  648  703  635  717  685  720  704  676  671  710  706  665  701  721  676  760  681  654  693   total = 2.224695 per ms 
21:38:09.445 32  switches: flows/sec:  663  627  703  676  685  648  641  690  634  651  649  630  643  673  730  617  656  653  621  689  686  681  618  617  660  620  688  616  703  668  671  660   total = 2.105973 per ms 
21:38:19.545 32  switches: flows/sec:  621  635  639  611  685  599  586  603  623  673  689  686  649  676  629  576  639  634  516  631  596  666  575  595  600  685  635  572  610  658  699  636   total = 2.012657 per ms 
21:38:29.645 32  switches: flows/sec:  655  604  617  635  589  617  575  677  591  590  627  530  600  673  558  603  685  582  618  577  577  632  512  640  588  606  645  663  642  625  593  592   total = 1.951780 per ms 
21:38:39.746 32  switches: flows/sec:  613  570  593  581  560  637  559  604  638  561  616  605  560  588  512  566  528  501  592  667  545  571  582  588  653  522  533  583  616  582  593  634   total = 1.865283 per ms 
21:38:49.846 32  switches: flows/sec:  547  596  565  491  546  561  530  559  640  614  602  540  570  539  548  540  583  590  634  570  574  502  558  562  604  522  626  522  533  600  552  632   total = 1.815171 per ms 
RESULT: 32 switches 9 tests min/max/avg/stdev = 1815.17/2767.13/2174.76/295.83 responses/s
-------------------------------------------------------------
MACs per switch: 10000000
Threads: 8
21:39:10.237 32  switches: flows/sec:  1092  1408  1052  1477  1381  1263  1074  1042  1340  1087  1424  1057  1226  1443  1117  1096  1333  1335  1265  1198  1412  1504  1306  1491  1163  1606  1105  1140  1638  1124  1277  1124   total = 4.059412 per ms 
21:39:20.340 32  switches: flows/sec:  832  850  852  825  804  763  866  776  844  871  860  856  839  826  799  863  837  854  830  818  834  795  788  847  793  842  865  828  811  846  806  886   total = 2.659857 per ms 
21:39:30.440 32  switches: flows/sec:  752  700  714  751  752  727  726  713  702  757  781  703  737  714  698  727  713  730  757  734  748  738  743  720  723  717  734  734  702  742  739  760   total = 2.338795 per ms 
21:39:40.541 32  switches: flows/sec:  679  674  733  687  728  660  701  667  744  763  721  684  692  732  696  673  709  714  717  733  759  726  685  705  719  684  771  751  695  730  655  775   total = 2.275990 per ms 
21:39:50.642 32  switches: flows/sec:  646  685  679  655  730  682  704  708  732  666  683  692  657  728  671  683  715  632  675  686  673  682  686  715  640  727  666  713  712  628  663  658   total = 2.187185 per ms 
21:40:00.742 32  switches: flows/sec:  662  676  749  680  612  643  695  690  659  592  673  635  581  668  646  621  627  624  681  701  655  665  651  648  662  667  625  683  693  650  619  669   total = 2.100188 per ms 
21:40:10.842 32  switches: flows/sec:  676  686  611  625  676  623  593  618  649  638  635  570  643  686  669  683  609  604  618  578  622  644  595  545  640  627  624  572  627  600  564  639   total = 1.998859 per ms 
21:40:20.943 32  switches: flows/sec:  681  578  672  614  608  612  592  548  627  657  557  635  597  651  676  645  631  543  586  640  600  533  610  572  666  622  636  597  604  592  605  577   total = 1.956342 per ms 
21:40:31.044 32  switches: flows/sec:  611  674  615  578  538  585  594  564  595  554  630  554  591  623  619  546  578  620  576  627  589  560  646  585  571  517  629  652  581  556  557  652   total = 1.896615 per ms 
21:40:41.144 32  switches: flows/sec:  635  631  630  624  614  576  537  481  566  591  523  518  587  558  605  525  585  513  569  557  551  553  582  591  524  512  564  590  596  548  547  454   total = 1.803598 per ms 
RESULT: 32 switches 9 tests min/max/avg/stdev = 1803.60/2659.86/2135.27/248.98 responses/s
21:41:01.504 32  switches: flows/sec:  980  991  1078  1039  1548  1179  1081  1166  1078  1212  1294  1267  1366  951  1334  1042  1904  1655  1496  1410  1197  1282  1133  929  1035  1100  1326  890  1324  970  1329  1021   total = 3.860511 per ms 
21:41:11.604 32  switches: flows/sec:  928  935  854  901  912  864  924  905  837  882  900  929  845  904  883  884  900  861  870  889  932  917  775  873  915  910  868  873  902  856  872  879   total = 2.837878 per ms 
21:41:21.706 32  switches: flows/sec:  697  719  677  734  742  748  732  776  782  765  784  735  703  707  778  774  773  787  756  726  778  727  796  759  769  831  755  724  795  758  782  712   total = 2.407752 per ms 
21:41:31.806 32  switches: flows/sec:  667  721  721  746  775  746  766  756  766  782  712  727  719  728  679  764  795  778  762  737  670  685  723  714  737  746  741  692  720  761  727  785   total = 2.354783 per ms 
21:41:41.907 32  switches: flows/sec:  605  713  712  679  701  728  766  674  653  762  729  685  714  708  702  684  699  667  723  736  721  577  683  716  681  726  698  674  711  673  699  725   total = 2.232356 per ms 
21:41:52.008 32  switches: flows/sec:  545  663  686  663  655  683  701  588  634  631  580  671  670  604  700  647  665  708  645  712  698  659  703  668  650  626  647  705  637  625  599  617   total = 2.088337 per ms 
21:42:02.109 32  switches: flows/sec:  662  653  659  627  609  651  663  607  660  638  593  610  610  637  593  610  618  643  670  615  665  646  622  655  636  641  594  704  634  630  669  623   total = 2.034552 per ms 
21:42:12.210 32  switches: flows/sec:  606  489  657  692  648  652  583  623  602  609  625  623  603  588  637  619  652  653  664  606  608  597  566  593  617  645  650  651  595  561  599  532   total = 1.964286 per ms 
21:42:22.312 32  switches: flows/sec:  564  598  576  622  535  665  600  587  538  564  571  603  574  634  520  588  591  580  537  532  599  571  560  634  559  525  485  566  575  637  589  581   total = 1.845716 per ms 
21:42:32.412 32  switches: flows/sec:  541  603  587  533  578  611  578  605  521  518  632  482  505  623  448  538  516  605  582  516  600  538  624  579  522  641  606  557  527  485  578  552   total = 1.793040 per ms 
RESULT: 32 switches 9 tests min/max/avg/stdev = 1793.04/2837.88/2173.19/308.24 responses/s
21:42:52.789 32  switches: flows/sec:  1468  1435  1543  1048  1284  1694  1547  1315  1207  1147  1373  1022  1270  1161  1575  1305  1018  1220  1320  1633  995  1386  1480  1427  1103  1651  1004  1034  1161  1107  987  1017   total = 4.092898 per ms 
21:43:02.893 32  switches: flows/sec:  807  827  822  842  787  827  894  815  853  827  786  844  824  776  832  842  829  816  855  807  841  827  807  845  800  808  878  827  785  827  831  845   total = 2.642364 per ms 
21:43:12.996 32  switches: flows/sec:  750  737  750  725  751  741  766  689  718  752  722  779  703  741  763  730  728  742  751  743  782  753  717  765  782  693  759  756  769  728  742  849   total = 2.387082 per ms 
21:43:23.096 32  switches: flows/sec:  703  716  718  706  741  714  747  691  725  729  721  675  746  720  728  697  728  726  703  773  740  702  725  756  703  686  717  740  764  724  737  730   total = 2.313069 per ms 
21:43:33.197 32  switches: flows/sec:  733  697  723  705  716  711  674  712  724  696  723  718  713  742  647  714  706  622  639  641  643  705  695  684  630  693  708  725  684  632  691  726   total = 2.217088 per ms 
21:43:43.300 32  switches: flows/sec:  629  636  677  613  607  686  650  671  642  607  656  630  609  684  639  644  685  685  659  662  629  638  731  602  555  653  656  626  631  625  680  656   total = 2.064775 per ms 
21:43:53.400 32  switches: flows/sec:  602  559  574  529  584  572  607  600  575  603  540  536  558  622  556  590  565  578  545  567  574  571  589  552  572  512  525  564  591  628  521  501   total = 1.816099 per ms 
21:44:03.501 32  switches: flows/sec:  599  542  519  537  535  525  535  596  506  520  560  568  591  515  555  561  540  525  541  529  587  534  553  472  533  529  574  544  493  562  538  583   total = 1.739965 per ms 
21:44:13.602 32  switches: flows/sec:  550  475  480  449  539  476  484  557  518  568  518  568  567  395  558  480  534  567  525  523  558  589  487  633  468  503  479  523  573  512  576  548   total = 1.677957 per ms 
21:44:23.702 32  switches: flows/sec:  564  503  523  510  552  493  478  484  465  517  532  494  539  429  471  527  492  490  525  517  510  505  523  547  496  528  438  521  526  466  564  512   total = 1.624093 per ms 
RESULT: 32 switches 9 tests min/max/avg/stdev = 1624.09/2642.36/2053.61/338.69 responses/s
-------------------------------------------------------------
